The 1 loop
location [[0], [1], [2], [3], [4], [5], [6], [7]]
support [60, 91, 50, 40, 61, 70, 61, 70]
num [0, 1, 2, 3, 4, 5, 6, 7]
--------------------------------------------------------------------------------
--------------------------------------------------------------------------------
The 2 loop
location [[0, 1], [0, 7], [1, 2], [1, 4], [1, 5], [1, 6], [1, 7], [2, 7], [4, 6], [5, 7]]
support [60, 60, 50, 61, 50, 51, 70, 50, 51, 50]
num [0, 1, 2, 4, 5, 6, 7]
--------------------------------------------------------------------------------
--------------------------------------------------------------------------------
The 3 loop
location [[0, 1, 7], [1, 2, 7], [1, 4, 6], [1, 5, 7]]
support [60, 50, 51, 50]
num [0, 1, 2, 4, 5, 6, 7]